version https://git-lfs.github.com/spec/v1
oid sha256:44dc89dd42e0d5a4d2a5a00d3d141fa14f372a68844cb88bf83e81afd8d980b4
size 350
